54
115 116 110 101 109 109 111 67 32 49 53 

46 116 101 110 114 101 116 110 73 32 101 104 116 32 111 116 32 115 101 118 105 116 97 110 114 101 116 108 97 32 101 114 117 99 101 115 32 101 114 111 109 32 115 97 32 44 115 107 114 111 119 116 101 110 32 104 115 101 109 32 100 101 108 108 97 99 32 44 115 109 101 116 115 121 115 32 108 97 99 111 108 32 101 99 110 97 110 105 102 32 111 116 32 100 108 114 111 119 32 101 104 116 32 100 110 117 111 114 97 32 115 110 111 105 108 108 105 109 32 103 110 105 100 110 101 112 115 32 101 114 97 32 115 101 105 99 110 101 103 97 32 114 101 104 116 111 32 100 110 97 32 116 110 101 109 116 114 97 112 101 68 32 101 116 97 116 83 32 101 104 84 
90 78 65 76 71 32 83 69 77 65 74 32 100 110 97 32 76 76 65 71 32 65 84 84 79 76 82 65 67 32 121 66 
103 110 105 121 112 83 32 108 97 116 105 103 105 68 32 108 105 111 70 32 111 116 32 107 114 111 119 116 101 78 32 115 101 116 111 109 111 114 80 32 46 83 46 85 
46 116 101 110 114 101 116 110 73 32 101 104 116 32 110 97 104 116 32 101 114 117 99 101 115 32 101 114 111 109 32 115 105 32 121 97 115 32 115 114 101 112 111 108 101 118 101 100 32 101 104 116 32 116 97 104 116 32 107 114 111 119 116 101 110 32 108 97 99 111 108 32 97 32 109 114 111 102 32 97 100 97 121 97 83 32 110 105 32 115 112 111 116 102 111 111 114 32 111 116 32 100 101 104 99 97 116 116 97 32 115 114 101 116 117 111 114 32 115 115 101 108 101 114 105 87 32 
115 116 110 101 109 109 111 67 32 54 54 

46 110 111 105 116 111 109 32 110 105 32 101 115 97 99 32 101 104 116 32 116 101 115 32 100 101 112 108 101 104 32 111 104 119 32 114 101 109 109 97 114 103 111 114 112 32 97 32 102 111 32 104 116 97 101 100 32 101 104 116 32 100 110 97 32 115 116 104 103 105 114 32 101 101 121 111 108 112 109 101 32 114 101 118 111 32 115 110 111 105 116 115 101 117 113 32 103 110 105 100 117 108 99 110 105 32 44 115 101 108 103 110 97 32 121 104 116 114 111 119 101 116 111 110 32 108 97 114 101 118 101 115 32 104 116 105 119 32 116 105 117 115 32 110 111 105 116 99 97 45 115 115 97 108 99 32 97 32 101 108 116 116 101 115 32 111 116 32 103 110 105 104 115 117 112 32 101 114 97 32 115 101 105 110 97 112 109 111 99 32 104 99 101 116 32 103 110 105 100 97 101 108 32 114 117 111 70 
68 76 69 70 84 73 69 82 84 83 32 68 73 86 65 68 32 121 66 
101 108 97 110 105 70 32 101 104 116 32 101 100 117 108 99 101 114 80 32 121 97 77 32 116 110 101 109 101 108 116 116 101 83 32 97 32 44 114 101 108 108 105 114 104 84 32 121 101 108 108 97 86 32 110 111 99 105 108 105 83 32 110 73 
46 116 105 117 115 32 110 111 105 116 99 97 45 115 115 97 108 99 32 114 101 116 116 105 98 32 97 32 110 105 32 102 102 105 116 110 105 97 108 112 32 97 32 44 101 110 105 118 101 68 32 108 101 97 104 99 105 77 32 

46 111 111 116 32 44 101 110 111 104 80 105 32 101 104 116 32 101 122 105 115 114 101 112 117 115 32 111 116 32 114 97 101 121 32 115 105 104 116 32 101 108 112 112 65 32 116 99 101 112 120 101 32 115 116 115 121 108 97 110 97 32 101 109 111 115 32 100 110 97 32 44 115 110 101 101 114 99 115 32 114 101 103 114 97 108 32 104 116 105 119 32 115 101 110 111 104 112 116 114 97 109 115 32 114 111 102 32 101 116 105 116 101 112 112 97 32 110 97 32 100 101 112 111 108 101 118 101 100 32 101 118 97 104 32 115 114 101 109 117 115 110 111 99 32 121 110 97 77 
9 78 69 72 67 32 46 88 32 78 65 73 82 66 32 121 66 
115 101 110 111 104 80 105 32 114 101 103 103 105 66 32 114 111 102 32 115 110 111 105 116 97 116 99 101 112 120 69 32 104 103 105 72 32 101 114 97 104 83 32 115 116 115 121 108 97 110 65 
46 114 101 103 114 97 108 32 116 110 101 99 114 101 112 32 48 50 32 116 115 97 101 108 32 116 97 32 115 121 97 108 112 115 105 100 32 104 116 105 119 32 115 101 110 111 104 112 116 114 97 109 115 32 103 110 105 99 117 100 111 114 112 32 110 101 101 98 32 101 118 97 104 32 44 103 110 117 115 109 97 83 32 103 110 105 100 117 108 99 110 105 32 44 115 114 111 116 105 116 101 112 109 111 99 32 101 108 105 104 119 32 44 121 108 108 97 110 111 103 97 105 100 32 115 101 104 99 110 105 32 52 32 115 101 114 117 115 97 101 109 32 83 53 32 101 110 111 104 80 105 32 115 39 101 108 112 112 65 32 102 111 32 121 97 108 112 115 105 100 32 101 104 84 32 

71 79 76 66 32 83 84 73 66 

46 101 115 111 108 99 32 100 108 117 111 119 32 116 105 32 100 101 99 110 117 111 110 110 97 32 44 115 110 114 101 99 110 111 99 32 121 116 105 114 117 99 101 115 32 100 110 97 32 121 99 97 118 105 114 112 32 97 116 97 100 32 8217 115 116 110 101 114 97 112 32 101 109 111 115 32 114 111 102 32 100 111 114 32 103 110 105 110 116 104 103 105 108 32 97 32 101 109 97 99 101 98 32 116 97 104 116 32 101 114 117 116 110 101 118 32 103 110 105 115 117 111 104 101 114 97 119 32 97 116 97 100 32 116 110 101 100 117 116 115 32 101 104 84 
9 82 69 71 78 73 83 32 65 72 83 65 84 65 78 32 121 66 
101 115 111 108 67 32 111 116 32 121 114 111 116 105 115 111 112 101 82 32 97 116 97 68 32 116 110 101 100 117 116 83 32 109 111 111 108 66 110 73 
46 121 110 97 112 109 111 99 32 101 104 116 32 114 111 102 32 121 101 110 111 109 32 100 101 101 115 32 100 101 100 105 118 111 114 112 32 110 111 105 116 97 100 110 117 111 102 32 101 115 111 104 119 32 44 115 101 116 97 71 32 108 108 105 66 32 104 116 105 119 32 100 101 114 97 101 112 112 97 32 44 109 111 111 108 66 110 105 32 102 111 32 101 118 105 116 117 99 101 120 101 32 102 101 105 104 99 32 101 104 116 32 44 116 102 101 108 32 44 114 101 103 114 101 98 110 101 104 99 105 101 114 116 83 32 110 97 119 73 32 44 114 97 101 121 32 116 115 97 108 32 101 99 110 101 114 101 102 110 111 99 32 117 100 101 87 83 88 83 32 101 104 116 32 116 65 32 

71 79 76 66 32 83 84 73 66 

46 110 97 109 101 108 100 100 105 109 32 114 101 104 116 111 110 97 32 116 115 117 106 32 110 97 104 116 32 101 114 111 109 32 111 116 110 105 32 102 108 101 115 116 105 32 101 107 97 109 32 110 97 99 32 101 114 97 117 113 83 32 101 107 105 108 32 112 117 45 116 114 97 116 115 32 97 32 119 111 104 32 115 105 32 44 121 97 115 32 115 116 115 121 108 97 110 97 32 44 110 111 105 116 115 101 117 113 32 101 104 84 32 46 100 114 97 99 32 116 105 100 101 114 99 32 97 32 115 101 112 105 119 115 32 114 101 109 111 116 115 117 99 32 97 32 110 101 104 119 32 115 116 110 101 109 121 97 112 32 116 99 101 108 108 111 99 32 121 100 97 101 114 108 97 32 115 101 105 110 97 112 109 111 67 
9 78 69 68 76 65 32 77 65 73 76 76 73 87 32 121 66 
101 103 110 101 108 108 97 104 67 32 97 32 115 110 105 97 109 101 82 32 121 101 110 111 77 32 103 110 105 107 97 77 32 44 101 114 97 117 113 83 32 114 111 70 
46 50 49 48 50 32 110 105 32 101 114 97 117 113 83 32 112 117 45 116 114 97 116 115 32 115 116 110 101 109 121 97 112 32 101 104 116 32 104 116 105 119 32 112 105 104 115 114 101 110 116 114 97 112 32 97 32 107 99 117 114 116 115 32 115 107 99 117 98 114 97 116 83 32 

75 79 79 66 76 65 69 68 

46 115 101 99 105 116 99 97 114 112 32 108 97 103 101 108 108 105 32 102 111 32 101 99 110 101 100 105 118 101 32 111 110 32 100 110 117 111 102 32 44 116 110 101 109 115 115 97 114 97 104 32 100 101 115 97 98 45 114 101 100 110 101 103 32 111 116 110 105 32 44 110 111 105 116 97 103 105 116 115 101 118 110 105 32 101 104 116 32 100 105 97 115 32 121 110 97 112 109 111 99 32 101 104 84 
9 82 69 76 76 73 77 32 78 73 65 67 32 69 82 73 65 76 67 32 121 66 
110 111 105 116 97 103 105 116 115 101 118 110 73 32 114 101 116 102 65 32 115 110 103 105 115 101 82 32 114 101 100 110 117 111 70 32 98 117 72 116 105 71 
46 110 111 105 116 97 122 105 110 97 103 114 111 32 101 104 116 32 116 97 32 110 111 105 116 97 110 105 109 105 114 99 115 105 100 32 114 101 118 111 32 121 115 114 101 118 111 114 116 110 111 99 32 97 32 102 111 32 114 101 116 110 101 99 32 101 104 116 32 116 97 32 102 108 101 115 109 105 104 32 100 110 117 111 102 32 101 104 32 114 101 116 102 97 32 100 101 110 103 105 115 101 114 32 44 115 114 101 100 110 117 111 102 45 111 99 32 115 39 98 117 72 116 105 71 32 102 111 32 101 110 111 32 44 114 101 110 114 101 87 45 110 111 116 115 101 114 80 32 109 111 84 32 

71 79 76 66 32 83 84 73 66 

46 101 110 111 98 107 99 97 98 32 116 101 110 114 101 116 110 73 32 115 8217 114 111 116 97 114 101 112 111 32 101 108 98 97 99 32 101 104 116 32 111 116 32 110 111 105 116 99 101 110 110 111 99 32 116 99 101 114 105 100 32 101 114 111 109 32 97 32 114 111 102 32 116 115 97 99 109 111 67 32 121 97 112 32 111 116 32 100 101 101 114 103 97 32 116 105 32 114 101 116 102 97 32 115 104 116 110 111 109 32 111 119 116 32 121 108 114 97 101 110 32 44 120 105 108 102 116 101 78 32 109 111 114 102 32 114 101 103 114 101 109 32 101 104 116 32 110 111 32 116 110 101 109 101 116 97 116 115 32 116 115 101 114 97 101 108 99 32 101 104 116 32 115 97 119 32 116 73 
9 68 69 67 82 69 77 32 97 108 32 101 100 32 46 74 32 76 69 65 72 67 73 77 32 121 66 
100 105 66 32 114 101 103 114 101 77 32 115 8217 116 115 97 99 109 111 67 32 115 101 115 111 112 112 79 32 116 73 32 115 121 97 83 32 120 105 108 102 116 101 78 
46 115 116 105 102 111 114 112 32 104 103 105 104 32 121 108 100 101 116 99 101 112 120 101 110 117 32 100 101 116 115 111 112 32 104 99 105 104 119 32 44 120 105 108 102 116 101 78 32 102 111 32 115 103 110 105 116 115 97 72 32 100 101 101 82 32 

46 116 102 121 76 32 100 110 97 32 114 101 98 85 32 44 98 110 98 114 105 65 32 101 107 105 108 32 115 112 117 45 116 114 97 116 115 32 103 110 105 114 97 104 115 45 101 100 105 114 32 100 110 97 32 108 97 116 110 101 114 32 102 111 32 115 99 105 116 99 97 116 32 100 110 97 32 115 110 111 105 116 112 109 117 115 101 114 112 32 101 104 116 32 103 110 105 110 111 105 116 115 101 117 113 32 121 108 103 110 105 115 97 101 114 99 110 105 32 101 114 97 32 115 108 97 105 99 105 102 102 111 32 100 101 116 99 101 108 101 32 100 110 97 32 115 114 111 116 97 108 117 103 101 82 
46 115 108 97 116 110 101 114 32 109 114 101 116 45 116 114 111 104 115 32 115 101 116 97 116 105 108 105 99 97 102 32 104 99 105 104 119 32 44 121 110 97 112 109 111 99 32 115 105 104 32 111 116 32 110 105 97 116 114 101 112 32 116 8217 110 111 100 32 115 119 97 108 32 103 110 105 116 115 105 120 101 32 116 97 104 116 32 115 121 97 115 32 44 98 110 98 114 105 65 32 102 111 32 101 118 105 116 117 99 101 120 101 32 102 101 105 104 99 32 44 121 107 115 101 104 67 32 110 97 105 114 66 

98 110 98 114 105 65 32 114 111 102 32 115 101 103 97 109 73 32 121 116 116 101 71 47 115 107 101 101 87 32 115 105 114 104 67 
46 115 108 97 116 110 101 114 32 109 114 101 116 45 116 114 111 104 115 32 115 101 116 97 116 105 108 105 99 97 102 32 104 99 105 104 119 32 44 121 110 97 112 109 111 99 32 115 105 104 32 111 116 32 110 105 97 116 114 101 112 32 116 8217 110 111 100 32 115 119 97 108 32 103 110 105 116 115 105 120 101 32 116 97 104 116 32 115 121 97 115 32 44 98 110 98 114 105 65 32 102 111 32 101 118 105 116 117 99 101 120 101 32 102 101 105 104 99 32 44 121 107 115 101 104 67 32 110 97 105 114 66 

68 76 69 70 84 73 69 82 84 83 32 68 73 86 65 68 32 121 66 
115 114 111 116 97 108 117 103 101 82 32 111 116 32 115 101 109 111 67 32 116 73 32 110 101 104 87 32 107 108 97 66 32 103 110 105 114 97 104 83 32 110 111 32 116 108 105 117 66 32 115 101 105 110 97 112 109 111 67 
